	pval
0	0.21835251751008777
